# Made in Blockbench 5.1.4
mtllib corpse.mtl

o head
v 0.25 1.5158563820557887 0.2988362387301199
v 0.25 1.3448463103929542 -0.17101007166283433
v 0.25 1.0460100716628342 0.4698463103929542
v 0.25 0.875 0
v -0.25 1.3448463103929542 -0.17101007166283433
v -0.25 1.5158563820557887 0.2988362387301199
v -0.25 0.875 0
v -0.25 1.0460100716628342 0.4698463103929542
vt 0 0.8125
vt 0.125 0.8125
vt 0.125 0.6875
vt 0 0.6875
vt 0.125 0.8125
vt 0.25 0.8125
vt 0.25 0.6875
vt 0.125 0.6875
vt 0.25 1
vt 0.375 1
vt 0.375 0.875
vt 0.25 0.875
vt 0.25 0.875
vt 0.375 0.875
vt 0.375 0.75
vt 0.25 0.75
vt 0.375 0.625
vt 0.25 0.625
vt 0.25 0.75
vt 0.375 0.75
vt 0.125 0.6875
vt 0 0.6875
vt 0 0.5625
vt 0.125 0.5625
vn 0 -0.34202014332566866 -0.9396926207859084
vn 1 0 0
vn 0 0.34202014332566866 0.9396926207859084
vn -1 0 0
vn 0 0.9396926207859084 -0.34202014332566866
vn 0 -0.9396926207859084 0.34202014332566866
usemtl m_1b2da16c-7302-9663-c9df-aae99bca934a
f 4/4/1 7/3/1 5/2/1 2/1/1
f 3/8/2 4/7/2 2/6/2 1/5/2
f 8/12/3 3/11/3 1/10/3 6/9/3
f 7/16/4 8/15/4 6/14/4 5/13/4
f 6/20/5 1/19/5 2/18/5 5/17/5
f 7/24/6 4/23/6 3/22/6 8/21/6
o body
v 0.25 0.9451937703424234 0.43893807150324976
v 0.25 0.988605814759156 0.19273613325019776
v 0.25 0.20658795558326742 0.30870193825305203
v 0.25 0.25 0.0625
v -0.25 0.988605814759156 0.19273613325019776
v -0.25 0.9451937703424234 0.43893807150324976
v -0.25 0.25 0.0625
v -0.25 0.20658795558326742 0.30870193825305203
vt 0 1
vt 0.125 1
vt 0.125 0.8125
vt 0 0.8125
vt 0.125 0.6875
vt 0.1875 0.6875
vt 0.1875 0.5
vt 0.125 0.5
vt 0.125 1
vt 0.25 1
vt 0.25 0.8125
vt 0.125 0.8125
vt 0.1875 0.6875
vt 0.25 0.6875
vt 0.25 0.5
vt 0.1875 0.5
vt 0.6875 0.75
vt 0.5625 0.75
vt 0.5625 0.8125
vt 0.6875 0.8125
vt 0.375 0.4375
vt 0.25 0.4375
vt 0.25 0.375
vt 0.375 0.375
vn 0 0.17364817766693033 -0.984807753012208
vn 1 0 0
vn 0 -0.17364817766693033 0.984807753012208
vn -1 0 0
vn 0 0.984807753012208 0.17364817766693033
vn 0 -0.984807753012208 -0.17364817766693033
usemtl m_1b2da16c-7302-9663-c9df-aae99bca934a
f 12/28/7 15/27/7 13/26/7 10/25/7
f 11/32/8 12/31/8 10/30/8 9/29/8
f 16/36/9 11/35/9 9/34/9 14/33/9
f 15/40/10 16/39/10 14/38/10 13/37/10
f 14/44/11 9/43/11 10/42/11 13/41/11
f 15/48/12 12/47/12 11/46/12 16/45/12
o legl
v 0.026458587315261517 1.4710455076283324e-15 0.2026112631851018
v 0.026458587315261572 0.2500000000000014 0.20261126318510125
v -0.19907076231294327 -1.942890293094024e-16 -0.5126764498760683
v -0.19907076231294324 0.24999999999999972 -0.5126764498760689
v -0.2119706503717952 0.25000000000000155 0.27778771306116945
v -0.21197065037179524 1.6653345369377348e-15 0.27778771306117
v -0.43749999999999994 0.24999999999999992 -0.43750000000000056
v -0.4375 0 -0.4375
vt 0.375 1
vt 0.4375 1
vt 0.4375 0.8125
vt 0.375 0.8125
vt 0.375 0.8125
vt 0.4375 0.8125
vt 0.4375 0.625
vt 0.375 0.625
vt 0.25 0.625
vt 0.3125 0.625
vt 0.3125 0.4375
vt 0.25 0.4375
vt 0.3125 0.625
vt 0.375 0.625
vt 0.375 0.4375
vt 0.3125 0.4375
vt 0.625 0.6875
vt 0.5625 0.6875
vt 0.5625 0.75
vt 0.625 0.75
vt 0.625 0.6875
vt 0.5625 0.6875
vt 0.5625 0.625
vt 0.625 0.625
vn 7.348595789126464e-17 1 -2.3513723869655283e-15
vn 0.953716950748227 -8.59911832375113e-16 -0.3007057995042731
vn -7.348595789126464e-17 -1 2.3513723869655283e-15
vn -0.953716950748227 8.59911832375113e-16 0.3007057995042731
vn 0.30070579950427306 2.173483311824361e-15 0.953716950748227
vn -0.30070579950427306 -2.173483311824361e-15 -0.953716950748227
usemtl m_1b2da16c-7302-9663-c9df-aae99bca934a
f 20/52/13 23/51/13 21/50/13 18/49/13
f 19/56/14 20/55/14 18/54/14 17/53/14
f 24/60/15 19/59/15 17/58/15 22/57/15
f 23/64/16 24/63/16 22/62/16 21/61/16
f 22/68/17 17/67/17 18/66/17 21/65/17
f 23/72/18 20/71/18 19/70/18 24/69/18
o legr
v 0.26924429132640615 1.6653345369377348e-16 0.2863319088244757
v 0.2692442913264062 0.2500000000000001 0.28633190882447557
v 0.43157400177998334 0 -0.4458900965154743
v 0.43157400177998334 0.24999999999999997 -0.44589009651547434
v 0.025170289546422836 0.2500000000000001 0.23222200533994997
v 0.025170289546422836 1.6653345369377348e-16 0.23222200533994997
v 0.1875 0.24999999999999997 -0.5
v 0.1875 0 -0.5
vt 0.375 0.625
vt 0.4375 0.625
vt 0.4375 0.4375
vt 0.375 0.4375
vt 0 0.5625
vt 0.0625 0.5625
vt 0.0625 0.375
vt 0 0.375
vt 0.4375 1
vt 0.5 1
vt 0.5 0.8125
vt 0.4375 0.8125
vt 0.0625 0.5625
vt 0.125 0.5625
vt 0.125 0.375
vt 0.0625 0.375
vt 0.4375 0.375
vt 0.375 0.375
vt 0.375 0.4375
vt 0.4375 0.4375
vt 0.625 0.625
vt 0.5625 0.625
vt 0.5625 0.5625
vt 0.625 0.5625
vn 4.805924856701236e-17 1 -2.167812611908312e-16
vn 0.9762960071199334 7.412762093731516e-18 0.2164396139381029
vn -4.805924856701236e-17 -1 2.167812611908312e-16
vn -0.9762960071199334 -7.412762093731516e-18 -0.2164396139381029
vn -0.21643961393810288 2.2579237029714604e-16 0.9762960071199335
vn 0.21643961393810288 -2.2579237029714604e-16 -0.9762960071199335
usemtl m_1b2da16c-7302-9663-c9df-aae99bca934a
f 28/76/19 31/75/19 29/74/19 26/73/19
f 27/80/20 28/79/20 26/78/20 25/77/20
f 32/84/21 27/83/21 25/82/21 30/81/21
f 31/88/22 32/87/22 30/86/22 29/85/22
f 30/92/23 25/91/23 26/90/23 29/89/23
f 31/96/24 28/95/24 27/94/24 32/93/24
o arml
v -0.21803020381269556 0.9142736970996134 0.40747659591946644
v -0.21755454107416372 0.9251681649430706 0.157714540524002
v -0.25071360734306736 0.16570068531520873 0.3747620553954645
v -0.2502379446045355 0.176595153158666 0.125
v -0.4673165964696282 0.9360730117844046 0.157714540524002
v -0.46779225920816 0.9251785439409473 0.40747659591946644
v -0.5 0.1875 0.125
v -0.5004756627385318 0.17660553215654273 0.3747620553954645
vt 0.4375 0.8125
vt 0.5 0.8125
vt 0.5 0.625
vt 0.4375 0.625
vt 0.4375 0.625
vt 0.5 0.625
vt 0.5 0.4375
vt 0.4375 0.4375
vt 0.5 1
vt 0.5625 1
vt 0.5625 0.8125
vt 0.5 0.8125
vt 0.125 0.5
vt 0.1875 0.5
vt 0.1875 0.3125
vt 0.125 0.3125
vt 0.5 0.375
vt 0.4375 0.375
vt 0.4375 0.4375
vt 0.5 0.4375
vt 0.625 0.5625
vt 0.5625 0.5625
vt 0.5625 0.5
vt 0.625 0.5
vn 0.001902650954127234 0.04357787137382909 -0.9990482215818578
vn 0.9990482215818578 -0.04361938736533601 -2.168404344971009e-19
vn -0.001902650954127234 -0.04357787137382909 0.9990482215818578
vn -0.9990482215818578 0.04361938736533601 2.168404344971009e-19
vn 0.04357787137382909 0.9980973490458729 0.04361938736533601
vn -0.04357787137382909 -0.9980973490458729 -0.04361938736533601
usemtl m_1b2da16c-7302-9663-c9df-aae99bca934a
f 36/100/25 39/99/25 37/98/25 34/97/25
f 35/104/26 36/103/26 34/102/26 33/101/26
f 40/108/27 35/107/27 33/106/27 38/105/27
f 39/112/28 40/111/28 38/110/28 37/109/28
f 38/116/29 33/115/29 34/114/29 37/113/29
f 39/120/30 36/119/30 35/118/30 40/117/30
o armr
v 0.3693419835451421 0.9590927342503038 0.42318390526450905
v 0.4226298360114453 0.9684888203841252 0.1791099034845257
v 0.4995781167953398 0.22048691949114785 0.42318390526450905
v 0.5528659692616431 0.22988300562496922 0.1791099034845257
v 0.18226386674980224 0.926105814759156 0.125
v 0.12897601428349903 0.9167097286253346 0.36907400177998334
v 0.3125 0.1875 0.125
v 0.25921214753369676 0.17810391386617863 0.36907400177998334
vt 0.1875 0.5
vt 0.25 0.5
vt 0.25 0.3125
vt 0.1875 0.3125
vt 0.5 0.8125
vt 0.5625 0.8125
vt 0.5625 0.625
vt 0.5 0.625
vt 0.5 0.625
vt 0.5625 0.625
vt 0.5625 0.4375
vt 0.5 0.4375
vt 0.5625 1
vt 0.625 1
vt 0.625 0.8125
vt 0.5625 0.8125
vt 0.5625 0.375
vt 0.5 0.375
vt 0.5 0.4375
vt 0.5625 0.4375
vt 0.625 0.5
vt 0.5625 0.5
vt 0.5625 0.4375
vt 0.625 0.4375
vn 0.21315140986521294 0.03758434453528551 -0.9762960071199335
vn 0.9614638770465722 0.16953202249987687 0.21643961393810288
vn -0.21315140986521294 -0.03758434453528551 0.9762960071199335
vn -0.9614638770465722 -0.16953202249987687 -0.21643961393810288
vn -0.17364817766693036 0.984807753012208 -6.938893903907228e-18
vn 0.17364817766693036 -0.984807753012208 6.938893903907228e-18
usemtl m_1b2da16c-7302-9663-c9df-aae99bca934a
f 44/124/31 47/123/31 45/122/31 42/121/31
f 43/128/32 44/127/32 42/126/32 41/125/32
f 48/132/33 43/131/33 41/130/33 46/129/33
f 47/136/34 48/135/34 46/134/34 45/133/34
f 46/140/35 41/139/35 42/138/35 45/137/35
f 47/144/36 44/143/36 43/142/36 48/141/36